
=== SHEET 1: Sheet1 ===
[] 0
[] 1
[] 2
[] 3
[] 4
[] 5
---
[] 6
[] 7
[] 8
[] 9
[] 10
[] 11
---
[] 12
[] 13
[] 14
[] 15
[] 16
---
[] 17
[] 17
[] 17
[] 17
[] 17
---
[] 18
[] 19
[] 19
[] 20
[] 20
---
[] 21
[] 22
[] 22
[] 22
[] 23
[] 23
---
[] 24
[] 24
[] 24
[] 24
[] 24
---
[] 25
[] 26
[] 27
[] 28
[] 29
[] 30
---
[] 31
[] 32
[] 33
[] 34
[] 35
---
[] 36
---
[] 37
[] 38
---
[] 39
[] 40
[] 41
[] 42
[] 43
[] 44
---
[] 45
[] 46
[] 47
[] 48
[] 49
---
[] 50
[] 51
[] 52
[] 51
[] 53
[] 51
[] 54
[] 51
[] 55
[] 51
---
[] 56
---
[] 57
---
[] 58
[] 59
[] 60
---
[] 51
[] 61
[] 51
[] 62
[] 51
[] 63
[] 51
[] 64
[] 51
[] 65
---
[] 66
[] 67
---
[] 68
[] 69
[] 70
[] 71
---
[] 72
[] 51
[] 73
[] 51
[] 74
[] 51
[] 75
[] 51
[] 76
[] 51
---
[] 77
[] 78
[] 79
---
[] 80
[] 81
[] 82
---
[] 83
[] 84
[] 85
[] 86
[] 87
[] 87
---
[] 88
[] 89
[] 90
[] 91
[] 91
---
[] 92
[] 92
[] 92
[] 92
[] 92
[] 92
[] 92
[] 92
[] 92
[] 92
[] 92
[] 92
[] 92
[] 92
[] 92
---
[] 93
[] 94
[] 95
[] 96
[] 97
[] 98
[] 99
[] 100
[] 101
[] 102
[] 103
[] 104
[] 105
[] 106
[] 107
---
[] 108
[] 109
[] 110
[] 111
[] 112
[] 113
[] 114
[] 115
[] 116
[] 117
[] 118
[] 119
[] 120
[] 121
[] 122
---
[] 123
[] 123
[] 123
[] 123
[] 123
[] 123
[] 123
[] 123
[] 123
[] 123
---
[] 92
[] 92
[] 92
[] 92
[] 92
[] 92
[] 92
[] 92
[] 92
[] 92
[] 92
[] 92
[] 92
[] 92
[] 92
---
[] 124
[] 125
[] 126
[] 127
[] 128
[] 129
[] 130
[] 131
[] 132
[] 133
[] 134
[] 135
[] 136
[] 137
[] 138
---
[] 139
[] 140
[] 141
[] 142
[] 143
[] 144
[] 145
[] 146
[] 147
[] 148
[] 149
[] 150
[] 151
[] 152
[] 153
---
[] 123
[] 123
[] 123
[] 123
[] 123
[] 123
[] 123
[] 123
[] 123
[] 123
[] 123
[] 123
---
[] 154
---
[] 154
[] 155
[] 155
[] 155
[] 155
[] 155
---
[] 156
[] 156
[] 156
[] 156
[] 156
---
[] 157
[] 158
[] 159
[] 159
[] 159
[] 159
---
[] 160
[] 51
[] 161
[] 51
[] 162
[] 51
[] 163
[] 51
[] 164
[] 51
---
[] 165
[] 166
[] 166
[] 166
[] 166
[] 166
---
[] 167
[] 168
[] 169
[] 167
[] 168
[] 169
[] 167
[] 168
[] 169
[] 170
[] 0.28
[] 169
[] 170
[] 0.28
[] 169
---
[] 171
[] 172
[] 173
[] 171
[] 172
[] 173
[] 171
[] 172
[] 173
[] 174
[] 175
[] 176
[] 174
[] 175
[] 176
---
[] 177
[] 178
[] 178
[] 178
[] 178
[] 178
---
[] 179
[] 179
[] 179
[] 179
[] 179
---
[] 180
[] 180
[] 180
[] 180
[] 180
---
[] 181
[] 182
[] 182
[] 182
[] 182
[] 182
---
[] 183
[] 183
[] 183
[] 183
[] 183
---
[] 51
[] 51
[] 51
[] 51
[] 51
[] 51
[] 51
[] 51
[] 51
[] 51
[] 51
[] 51
[] 51
[] 51
[] 51
---
[] 184
[] 185
[] 186
[] 184
[] 185
[] 186
[] 184
[] 185
[] 186
[] 184
[] 185
[] 186
[] 184
[] 185
[] 186
---
[] 187
[] 188
[] 187
[] 189
[] 187
[] 188
[] 187
[] 187
[] 188
[] 187
[] 187
[] 188
[] 187
[] 187
[] 188
[] 187
---
[] 190
[] 191
[] 192
[] 193
[] 194
[] 195
---
